6.79108881824623
1.92871976137722
2.10263877870389
6.11241778185933
5.67992712843974
6.13584912737825
6.16318903478791
7.39242060464285
7.18937326456983
5.56240437465622
3.32506672193631
6.2766399027339
6.47911611844532
2.18476337888410
5.75796683609654
5.21915981603827
0.850030889919964
5.78845010062469
0.927126599898613
1.77008937024724
5.73893579918696
5.89579370075579
6.51320662161527
6.67316387052892
7.2165260290198
1.7216319408209
2.54832877134467
1.63550144420767
1.52039416156403
-0.159008734922607
6.19494028389303
6.41941855254641
5.09753830259351
5.40732566527023
7.17949504833705
5.80037657814146
5.58290794739923
8.95786625010102
2.74983548173101
4.95142862711813
8.29095842343703
5.92012844084111
1.45491406350060
6.58331010654336
5.46104243458788
5.44078373001348
4.60291742287923
6.8200567456406
1.78235884717133
5.78830071982655
1.08636604643854
6.62443881760208
6.14337862532291
7.24769516362856
5.4636422379251
4.04244636691428
6.33810614739647
5.05978528281117
6.80850978637343
5.83937719412945
5.74441954649623
6.29436162640455
6.236432125109
5.44104923210223
6.88634531542566
4.08029698660836
5.92616467576705
0.896207913950305
1.4117007077617
6.82955968613293
2.30179100572598
5.45905093391665
6.8134804100617
0.798568541712674
5.21634536957639
7.33780705863142
1.61219042417483
6.06345616781463
6.28892380167103
5.90817539001995
4.23969288679899
-0.141836797464086
5.50969738119044
6.13087374622812
6.56350054877123
5.19126352315477
5.81912450177147
5.54916128354908
2.19327391565229
5.29219845320575
7.02344634218476
1.55092882651928
1.28869218258272
7.6479110418354
7.49565155989892
5.96627271006006
5.37262962524246
7.07015951551918
-0.376395532343349
5.41332344586511
2.39956794322365
5.73947823999206
5.59932486380748
3.36881679142422
4.13572253104352
6.75146737811273
2.44988067352432
7.01742217506093
3.16275314028688
5.85991228649045
1.11796297327955
6.28664362942211
6.15405095189104
1.95078346579474
5.84478744677981
5.8858760155518
1.86934118904180
7.85915299070238
-0.882116170395794
5.50810717743042
1.93185208727377
7.45774882728344
6.43109102174734
5.60112803536859
3.31037980571761
0.98224106847291
6.44538596350554
5.93380543785011
6.04399073095025
6.14708099417243
6.56169473889131
5.66603669137227
5.69558287600271
6.28142793831845
5.72241834840317
4.41474012402093
6.58739507629994
6.31200571141347
4.4034916997699
5.32506098088306
1.50793723163124
6.3304832897841
4.77985377200734
1.74739971713974
5.18884533042539
5.20355749876069
1.42018365883442
4.73667409508702
0.707546811517075
3.97494148852255
6.2905790678374
2.91697957066461
6.47248713493996
4.83722406934627
1.91660876547337
0.948039587799885
2.7563979075612
6.5048431114377
4.99980792176137
1.60848682909923
7.44298472212463
2.70631012815838
6.72370086321963
1.89722605893284
6.45840104178666
3.54167780153209
6.26418161584772
5.6352422555021
5.84577465065195
4.98917513254797
0.483110188934176
6.97410572533829
5.34928252815662
6.92865298900969
5.78821080249902
2.01911329681602
6.19135014114064
6.82673537324517
5.06480760592065
6.19830372305867
7.64550356919645
5.46178450256044
2.81362281070888
1.9899980433651
7.3199555069639
6.19103005840572
2.84353545012575
1.65406008405924
6.18450674862656
6.78690040902728
1.47991475843539
-0.0193168564102852
6.4448350225444
0.62725052231896
5.57891768026042
6.92737401357763
6.13170223592863
6.17221140420207
8.22806575833347
6.73238997793657
3.62197495375743
3.72272822443489
4.97273244835433
6.21393255264902
0.754246640342715
2.12349980648831
1.51287482899836
6.22752475791005
1.71779661869191
7.79004155298758
6.30413868486372
6.45386613456142
4.79303192187337
2.58834223711772
6.52271490259081
7.59503719593166
1.34828937115597
5.03498239903457
7.00447094238459
2.21541029866479
5.89212994343649
3.85507467333764
6.63089488572947
2.24267990543737
6.30402652999362
4.80839319906495
5.06838039515202
4.99613330445724
3.59624845032033
6.6033069425924
2.60929744970104
6.43733730177997
4.16271469671367
6.56689238750884
5.53667325104878
5.68546889846189
5.88437373703255
6.08669203316803
5.22006883121753
4.54956300226193
5.83414721051626
1.42896843152723
6.19473843500765
6.69119561947632
3.09430969505521
1.57419733649527
5.2245508563253
5.17484356139269
5.49220534774643
5.08400690753982
6.12093737521666
2.35665970195291
5.28688754850153
1.75693596216554
5.56128041360441
6.47673276785765
5.83533265375011
6.04417421419968
6.862980471677
5.15654193349185
6.3345572596103
1.51546802125217
5.89953095741711
5.9314283537176
4.72440189206104
1.18463378786288
6.58470005614901
5.76949417416056
6.56027809785796
6.61082098258212
0.0945839146141785
6.31645420383925
6.14053926559974
5.42274714158089
5.07477366324748
5.67344213439563
5.75834023576184
6.53149438034432
6.22865765789853
3.10324261815402
6.01954862474572
2.86151553050962
3.26854805911924
4.1077691358789
5.73507821085109
5.49603933928225
1.23351202828023
2.66245574969485
7.1765138475953
6.37223900314696
0.0356224278522295
4.80549230879541
5.7128517547722
6.38762936858509
2.60233049071717
6.85168261381571
4.98374693598326
1.82465650360076
1.50394545054948
5.95018776590346
